1.   121 0.007980
2.    21 0.007731
3.   245 0.007359
4.  1531 0.005094
5.  1367 0.002836
6.    31 0.002537
7.    80 0.002216
8.  1040 0.002182
9.   254 0.002023
10.   452 0.001945
11.   157 0.001626
12.   392 0.001619
13.   169 0.001610
14.   100 0.001563
15.   561 0.001460
16.  3870 0.001444
17.   997 0.001354
18.   884 0.001278
19.   202 0.001266
20.     8 0.001257
21.    72 0.001230
22.   145 0.001190
23.    27 0.001092
24.   645 0.001083
25.   490 0.001063
26.  2883 0.001050
27.    81 0.001026
28.   942 0.001010
29.   125 0.000952
30.   247 0.000940
31.   179 0.000878
32.   337 0.000878
33.   708 0.000877
34.  1403 0.000870
35.   484 0.000858
36.    26 0.000854
37.   152 0.000853
38.   321 0.000828
39. 15492 0.000816
40.   242 0.000812
41.  1964 0.000787
42.  1043 0.000785
43.   857 0.000771
44.  1755 0.000750
45.  1200 0.000723
46. 15686 0.000716
47.   281 0.000712
48.   154 0.000709
49.    16 0.000703
50.  1365 0.000702
