1.   121 0.009397
2.    21 0.009069
3.   245 0.008788
4.  1531 0.006005
5.  1367 0.003408
6.    31 0.003035
7.    80 0.002663
8.  1040 0.002574
9.   254 0.002411
10.   452 0.002265
11.   392 0.001971
12.   169 0.001885
13.   157 0.001874
14.   100 0.001794
15.  3870 0.001759
16.   561 0.001734
17.   884 0.001575
18.   997 0.001573
19.   202 0.001509
20.     8 0.001453
21.   145 0.001426
22.    72 0.001307
23.    27 0.001290
24.    81 0.001253
25.   490 0.001251
26.   645 0.001247
27.   247 0.001144
28.   125 0.001144
29.   942 0.001135
30.   337 0.001129
31.  2883 0.001119
32.   708 0.001100
33.    26 0.001030
34.   179 0.001016
35.   152 0.001001
36.   484 0.000987
37.   321 0.000983
38.  1403 0.000978
39.  1964 0.000935
40. 15492 0.000927
41.   242 0.000925
42.  1755 0.000917
43.  1043 0.000894
44.   281 0.000867
45.   857 0.000859
46. 15686 0.000844
47.  1365 0.000832
48.    16 0.000828
49.   154 0.000826
50.  1200 0.000826
