1.   121 0.007956
2.    21 0.007704
3.   245 0.007379
4.  1531 0.005054
5.  1367 0.002873
6.    31 0.002537
7.  1040 0.002230
8.    80 0.002210
9.   254 0.002009
10.   452 0.001953
11.   157 0.001667
12.   169 0.001646
13.   392 0.001589
14.   100 0.001547
15.   561 0.001489
16.  3870 0.001435
17.   997 0.001369
18.   884 0.001305
19.     8 0.001279
20.   202 0.001249
21.    72 0.001235
22.   145 0.001188
23.    27 0.001097
24.   490 0.001089
25.   645 0.001070
26.    81 0.001057
27.  2883 0.001045
28.   942 0.001006
29.   125 0.000978
30.   247 0.000901
31.   708 0.000893
32.   179 0.000881
33.    26 0.000871
34.   152 0.000851
35.  1403 0.000847
36.   337 0.000846
37.   484 0.000846
38.   321 0.000825
39. 15492 0.000812
40.   242 0.000799
41.  1043 0.000775
42.   857 0.000772
43.  1964 0.000770
44.  1755 0.000755
45.    16 0.000746
46.  1200 0.000744
47. 15686 0.000730
48.   281 0.000711
49.   154 0.000704
50.  1153 0.000703
