1.    21 0.007818
2.   121 0.007788
3.   245 0.007439
4.  1531 0.005024
5.  1367 0.002827
6.    31 0.002459
7.  1040 0.002243
8.    80 0.002105
9.   254 0.002048
10.   452 0.001961
11.   392 0.001652
12.   169 0.001629
13.   157 0.001603
14.   100 0.001494
15.  3870 0.001442
16.   561 0.001418
17.   997 0.001412
18.     8 0.001275
19.   202 0.001255
20.    72 0.001243
21.   884 0.001234
22.   145 0.001153
23.   490 0.001112
24.    27 0.001082
25.   645 0.001048
26.  2883 0.001022
27.   942 0.001006
28.    81 0.000982
29.   125 0.000948
30.   247 0.000918
31.   321 0.000908
32.   337 0.000887
33.   484 0.000874
34.   152 0.000867
35.   179 0.000851
36.    26 0.000847
37.  1403 0.000847
38.   242 0.000845
39. 15492 0.000842
40.   708 0.000832
41.  1964 0.000820
42.   857 0.000809
43.   281 0.000785
44.  1043 0.000771
45.  1200 0.000763
46.    16 0.000753
47.  1755 0.000748
48. 15686 0.000747
49.   154 0.000713
50.  3120 0.000707
