1.   121 0.009304
2.    21 0.008895
3.   245 0.008821
4.  1531 0.005850
5.  1367 0.003365
6.    31 0.002900
7.    80 0.002609
8.  1040 0.002582
9.   452 0.002322
10.   254 0.002211
11.   392 0.002019
12.   157 0.001881
13.   100 0.001823
14.   169 0.001786
15.   561 0.001693
16.  3870 0.001662
17.   997 0.001625
18.     8 0.001501
19.   884 0.001495
20.    72 0.001431
21.   202 0.001426
22.   490 0.001327
23.   145 0.001288
24.   645 0.001255
25.    27 0.001234
26.  2883 0.001212
27.   942 0.001175
28.   125 0.001144
29.    81 0.001140
30.   247 0.001076
31.   708 0.001073
32.  1403 0.001071
33.   484 0.001055
34.   179 0.001051
35. 15492 0.001042
36.   152 0.001016
37.   242 0.001014
38.  1964 0.001003
39.   321 0.001001
40.   337 0.000993
41.    26 0.000950
42.   857 0.000906
43.  1043 0.000896
44. 15686 0.000894
45.   154 0.000863
46.  1755 0.000863
47.   271 0.000842
48.    16 0.000834
49.  1153 0.000832
50.  3120 0.000817
