1.   121 0.008020
2.    21 0.007798
3.   245 0.007346
4.  1531 0.005077
5.  1367 0.002884
6.    31 0.002573
7.  1040 0.002304
8.    80 0.002262
9.   254 0.002048
10.   452 0.001888
11.   169 0.001669
12.   392 0.001616
13.   157 0.001600
14.   100 0.001579
15.   561 0.001480
16.  3870 0.001454
17.   997 0.001321
18.   884 0.001288
19.   202 0.001243
20.     8 0.001213
21.    72 0.001187
22.   145 0.001138
23.   645 0.001116
24.   490 0.001094
25.    27 0.001085
26.   942 0.001013
27.  2883 0.001001
28.    81 0.000986
29.   125 0.000945
30.   247 0.000938
31.   337 0.000925
32.   321 0.000878
33.   152 0.000870
34. 15492 0.000869
35.   179 0.000855
36.    26 0.000846
37.  1403 0.000838
38.   708 0.000824
39.   484 0.000805
40.   242 0.000796
41.  1043 0.000793
42.  1964 0.000789
43.  1755 0.000786
44. 15686 0.000764
45.  1153 0.000757
46.   281 0.000756
47.  3692 0.000728
48.   857 0.000724
49.  1200 0.000724
50.    16 0.000711
